                                    [16,21,11,8,12,22] 

                          [16, 21, 11]                [8, 12, 22]

                       [16]     [21, 11]             [8, 12]  [22] 

                       [16]    [21]  [11]          [8]   [12]   [22]

                      [16]      [11, 21]             [8, 12]    [22]
                    
                        [11, 16, 21]                   [8, 12, 22]

                                 [8, 111, 12, 16, 21, 22]

                               Time Complexity =  O(n*log n)